-100000   0.0388778
-99799.8   0.0387307
-99599.6   0.0385796
-99399.4   0.0384245
-99199.2   0.0382652
-98999   0.038102
-98798.8   0.0379346
-98598.6   0.0377633
-98398.4   0.0375879
-98198.2   0.0374085
-97998   0.0372251
-97797.8   0.0370376
-97597.6   0.0368462
-97397.4   0.0366508
-97197.2   0.0364514
-96997   0.0362481
-96796.8   0.0360408
-96596.6   0.0358297
-96396.4   0.0356146
-96196.2   0.0353956
-95996   0.0351728
-95795.8   0.0349461
-95595.6   0.0347156
-95395.4   0.0344814
-95195.2   0.0342433
-94995   0.0340016
-94794.8   0.0337561
-94594.6   0.0335069
-94394.4   0.0332541
-94194.2   0.0329976
-93994   0.0327376
-93793.8   0.032474
-93593.6   0.0322069
-93393.4   0.0319364
-93193.2   0.0316624
-92993   0.031385
-92792.8   0.0311042
-92592.6   0.0308202
-92392.4   0.0305328
-92192.2   0.0302423
-91992   0.0299485
-91791.8   0.0296517
-91591.6   0.0293518
-91391.4   0.0290488
-91191.2   0.0287429
-90991   0.0284341
-90790.8   0.0281224
-90590.6   0.0278079
-90390.4   0.0274907
-90190.2   0.0271709
-89990   0.0268484
-89789.8   0.0265233
-89589.6   0.0261958
-89389.4   0.0258659
-89189.2   0.0255336
-88989   0.0251991
-88788.8   0.0248624
-88588.6   0.0245236
-88388.4   0.0241827
-88188.2   0.0238398
-87988   0.0234951
-87787.8   0.0231485
-87587.6   0.0228003
-87387.4   0.0224504
-87187.2   0.022099
-86987   0.0217461
-86786.8   0.0213918
-86586.6   0.0210363
-86386.4   0.0206796
-86186.2   0.0203218
-85986   0.019963
-85785.8   0.0196033
-85585.6   0.0192428
-85385.4   0.0188817
-85185.2   0.01852
-84985   0.0181578
-84784.8   0.0177952
-84584.6   0.0174324
-84384.4   0.0170695
-84184.2   0.0167065
-83984   0.0163437
-83783.8   0.015981
-83583.6   0.0156187
-83383.4   0.0152568
-83183.2   0.0148955
-82983   0.0145349
-82782.8   0.0141751
-82582.6   0.0138163
-82382.4   0.0134586
-82182.2   0.013102
-81982   0.0127469
-81781.8   0.0123932
-81581.6   0.0120412
-81381.4   0.0116909
-81181.2   0.0113426
-80981   0.0109963
-80780.8   0.0106522
-80580.6   0.0103104
-80380.4   0.00997119
-80180.2   0.0096346
-79980   0.00930081
-79779.8   0.00896999
-79579.6   0.00864228
-79379.4   0.00831785
-79179.2   0.00799685
-78979   0.00767945
-78778.8   0.00736582
-78578.6   0.00705611
-78378.4   0.0067505
-78178.2   0.00644916
-77978   0.00615225
-77777.8   0.00585996
-77577.6   0.00557245
-77377.4   0.0052899
-77177.2   0.00501249
-76977   0.0047404
-76776.8   0.00447382
-76576.6   0.00421291
-76376.4   0.00395788
-76176.2   0.00370891
-75976   0.00346618
-75775.8   0.00322989
-75575.6   0.00300022
-75375.4   0.00277737
-75175.2   0.00256154
-74975   0.00235292
-74774.8   0.0021517
-74574.6   0.0019581
-74374.4   0.0017723
-74174.2   0.00159452
-73974   0.00142494
-73773.8   0.00126379
-73573.6   0.00111127
-73373.4   0.000967574
-73173.2   0.000832926
-72973   0.000707533
-72772.8   0.000591605
-72572.6   0.000485357
-72372.4   0.000389004
-72172.2   0.00030276
-71972   0.000226842
-71771.8   0.00016147
-71571.6   0.000106862
-71371.4   6.32381e-05
-71171.2   3.08207e-05
-70971   9.83211e-06
-70770.8   4.95919e-07
-70570.6   3.03676e-06
-70370.4   1.76802e-05
-70170.2   4.46528e-05
-69970   8.4182e-05
-69769.8   0.000136496
-69569.6   0.000201824
-69369.4   0.000280396
-69169.2   0.000372443
-68969   0.000478196
-68768.8   0.000597887
-68568.6   0.000731749
-68368.4   0.000880016
-68168.2   0.00104292
-67968   0.0012207
-67767.8   0.00141358
-67567.6   0.00162181
-67367.4   0.00184562
-67167.2   0.00208524
-66967   0.00234092
-66766.8   0.00261288
-66566.6   0.00290137
-66366.4   0.00320662
-66166.2   0.00352887
-65966   0.00386836
-65765.8   0.00422533
-65565.6   0.00460001
-65365.4   0.00499264
-65165.2   0.00540346
-64965   0.0058327
-64764.8   0.0062806
-64564.6   0.00674741
-64364.4   0.00723335
-64164.2   0.00773866
-63964   0.00826358
-63763.8   0.00880835
-63563.6   0.00937319
-63363.4   0.00995835
-63163.2   0.010564
-62963   0.0111905
-62762.8   0.011838
-62562.6   0.0125068
-62362.4   0.013197
-62162.2   0.0139089
-61962   0.0146428
-61761.8   0.0153988
-61561.6   0.0161772
-61361.4   0.0169782
-61161.2   0.0178021
-60961   0.018649
-60760.8   0.0195192
-60560.6   0.0204129
-60360.4   0.0213304
-60160.2   0.0222718
-59960   0.0232374
-59759.8   0.0242273
-59559.6   0.0252418
-59359.4   0.0262811
-59159.2   0.0273455
-58959   0.0284351
-58758.8   0.0295501
-58558.6   0.0306907
-58358.4   0.0318571
-58158.2   0.0330496
-57958   0.0342684
-57757.8   0.0355135
-57557.6   0.0367853
-57357.4   0.0380839
-57157.2   0.0394095
-56957   0.0407623
-56756.8   0.0421425
-56556.6   0.0435502
-56356.4   0.0449857
-56156.2   0.0464491
-55956   0.0479405
-55755.8   0.0494603
-55555.6   0.0510084
-55355.4   0.0525852
-55155.2   0.0541907
-54955   0.0558251
-54754.8   0.0574885
-54554.6   0.0591812
-54354.4   0.0609033
-54154.2   0.0626549
-53954   0.0644361
-53753.8   0.0662471
-53553.6   0.0680881
-53353.4   0.0699591
-53153.2   0.0718604
-52953   0.0737919
-52752.8   0.0757539
-52552.6   0.0777464
-52352.4   0.0797696
-52152.2   0.0818236
-51952   0.0839085
-51751.8   0.0860243
-51551.6   0.0881713
-51351.4   0.0903494
-51151.2   0.0925588
-50951   0.0947995
-50750.8   0.0970717
-50550.6   0.0993753
-50350.4   0.101711
-50150.2   0.104077
-49949.9   0.106476
-49749.7   0.108906
-49549.5   0.111369
-49349.3   0.113863
-49149.1   0.116388
-48948.9   0.118946
-48748.7   0.121536
-48548.5   0.124158
-48348.3   0.126812
-48148.1   0.129498
-47947.9   0.132216
-47747.7   0.134966
-47547.5   0.137748
-47347.3   0.140562
-47147.1   0.143408
-46946.9   0.146286
-46746.7   0.149197
-46546.5   0.152139
-46346.3   0.155113
-46146.1   0.158119
-45945.9   0.161158
-45745.7   0.164227
-45545.5   0.167329
-45345.3   0.170463
-45145.1   0.173628
-44944.9   0.176824
-44744.7   0.180053
-44544.5   0.183312
-44344.3   0.186603
-44144.1   0.189926
-43943.9   0.193279
-43743.7   0.196664
-43543.5   0.200079
-43343.3   0.203525
-43143.1   0.207002
-42942.9   0.21051
-42742.7   0.214048
-42542.5   0.217616
-42342.3   0.221215
-42142.1   0.224843
-41941.9   0.228501
-41741.7   0.232189
-41541.5   0.235907
-41341.3   0.239654
-41141.1   0.243429
-40940.9   0.247234
-40740.7   0.251068
-40540.5   0.25493
-40340.3   0.25882
-40140.1   0.262739
-39939.9   0.266685
-39739.7   0.270659
-39539.5   0.27466
-39339.3   0.278689
-39139.1   0.282745
-38938.9   0.286827
-38738.7   0.290935
-38538.5   0.29507
-38338.3   0.299231
-38138.1   0.303417
-37937.9   0.307628
-37737.7   0.311865
-37537.5   0.316126
-37337.3   0.320411
-37137.1   0.324721
-36936.9   0.329054
-36736.7   0.333411
-36536.5   0.337791
-36336.3   0.342193
-36136.1   0.346618
-35935.9   0.351065
-35735.7   0.355534
-35535.5   0.360024
-35335.3   0.364535
-35135.1   0.369067
-34934.9   0.373619
-34734.7   0.378191
-34534.5   0.382782
-34334.3   0.387392
-34134.1   0.392021
-33933.9   0.396668
-33733.7   0.401333
-33533.5   0.406015
-33333.3   0.410714
-33133.1   0.41543
-32932.9   0.420161
-32732.7   0.424909
-32532.5   0.429672
-32332.3   0.434449
-32132.1   0.43924
-31931.9   0.444046
-31731.7   0.448865
-31531.5   0.453696
-31331.3   0.45854
-31131.1   0.463396
-30930.9   0.468263
-30730.7   0.473141
-30530.5   0.47803
-30330.3   0.482928
-30130.1   0.487836
-29929.9   0.492752
-29729.7   0.497677
-29529.5   0.50261
-29329.3   0.50755
-29129.1   0.512497
-28928.9   0.51745
-28728.7   0.522408
-28528.5   0.527372
-28328.3   0.53234
-28128.1   0.537312
-27927.9   0.542288
-27727.7   0.547267
-27527.5   0.552247
-27327.3   0.55723
-27127.1   0.562214
-26926.9   0.567198
-26726.7   0.572183
-26526.5   0.577166
-26326.3   0.582149
-26126.1   0.58713
-25925.9   0.592108
-25725.7   0.597084
-25525.5   0.602056
-25325.3   0.607024
-25125.1   0.611987
-24924.9   0.616945
-24724.7   0.621896
-24524.5   0.626842
-24324.3   0.63178
-24124.1   0.63671
-23923.9   0.641632
-23723.7   0.646545
-23523.5   0.651448
-23323.3   0.656341
-23123.1   0.661223
-22922.9   0.666093
-22722.7   0.670951
-22522.5   0.675797
-22322.3   0.680629
-22122.1   0.685447
-21921.9   0.69025
-21721.7   0.695038
-21521.5   0.699811
-21321.3   0.704566
-21121.1   0.709305
-20920.9   0.714025
-20720.7   0.718728
-20520.5   0.723411
-20320.3   0.728074
-20120.1   0.732717
-19919.9   0.73734
-19719.7   0.74194
-19519.5   0.746519
-19319.3   0.751074
-19119.1   0.755606
-18918.9   0.760114
-18718.7   0.764598
-18518.5   0.769056
-18318.3   0.773488
-18118.1   0.777893
-17917.9   0.782271
-17717.7   0.786622
-17517.5   0.790944
-17317.3   0.795237
-17117.1   0.799501
-16916.9   0.803734
-16716.7   0.807936
-16516.5   0.812107
-16316.3   0.816246
-16116.1   0.820353
-15915.9   0.824426
-15715.7   0.828465
-15515.5   0.83247
-15315.3   0.836441
-15115.1   0.840375
-14914.9   0.844274
-14714.7   0.848135
-14514.5   0.85196
-14314.3   0.855747
-14114.1   0.859495
-13913.9   0.863205
-13713.7   0.866875
-13513.5   0.870505
-13313.3   0.874095
-13113.1   0.877644
-12912.9   0.881151
-12712.7   0.884616
-12512.5   0.888038
-12312.3   0.891417
-12112.1   0.894753
-11911.9   0.898044
-11711.7   0.901291
-11511.5   0.904493
-11311.3   0.907649
-11111.1   0.910759
-10910.9   0.913823
-10710.7   0.91684
-10510.5   0.919809
-10310.3   0.92273
-10110.1   0.925603
-9909.91   0.928427
-9709.71   0.931202
-9509.51   0.933927
-9309.31   0.936602
-9109.11   0.939227
-8908.91   0.941801
-8708.71   0.944323
-8508.51   0.946794
-8308.31   0.949213
-8108.11   0.951579
-7907.91   0.953893
-7707.71   0.956154
-7507.51   0.958361
-7307.31   0.960514
-7107.11   0.962613
-6906.91   0.964658
-6706.71   0.966648
-6506.51   0.968582
-6306.31   0.970462
-6106.11   0.972285
-5905.91   0.974053
-5705.71   0.975764
-5505.51   0.977419
-5305.31   0.979017
-5105.11   0.980558
-4904.9   0.982042
-4704.7   0.983468
-4504.5   0.984837
-4304.3   0.986147
-4104.1   0.987399
-3903.9   0.988594
-3703.7   0.989729
-3503.5   0.990806
-3303.3   0.991824
-3103.1   0.992783
-2902.9   0.993682
-2702.7   0.994523
-2502.5   0.995304
-2302.3   0.996025
-2102.1   0.996686
-1901.9   0.997288
-1701.7   0.99783
-1501.5   0.998312
-1301.3   0.998734
-1101.1   0.999095
-900.901   0.999397
-700.701   0.999638
-500.501   0.999819
-300.3   0.99994
-100.1   1
100.1   1
300.3   0.99994
500.501   0.999819
700.701   0.999638
900.901   0.999397
1101.1   0.999095
1301.3   0.998734
1501.5   0.998312
1701.7   0.99783
1901.9   0.997288
2102.1   0.996686
2302.3   0.996025
2502.5   0.995304
2702.7   0.994523
2902.9   0.993682
3103.1   0.992783
3303.3   0.991824
3503.5   0.990806
3703.7   0.989729
3903.9   0.988594
4104.1   0.987399
4304.3   0.986147
4504.5   0.984837
4704.7   0.983468
4904.9   0.982042
5105.11   0.980558
5305.31   0.979017
5505.51   0.977419
5705.71   0.975764
5905.91   0.974053
6106.11   0.972285
6306.31   0.970462
6506.51   0.968582
6706.71   0.966648
6906.91   0.964658
7107.11   0.962613
7307.31   0.960514
7507.51   0.958361
7707.71   0.956154
7907.91   0.953893
8108.11   0.951579
8308.31   0.949213
8508.51   0.946794
8708.71   0.944323
8908.91   0.941801
9109.11   0.939227
9309.31   0.936602
9509.51   0.933927
9709.71   0.931202
9909.91   0.928427
10110.1   0.925603
10310.3   0.92273
10510.5   0.919809
10710.7   0.91684
10910.9   0.913823
11111.1   0.910759
11311.3   0.907649
11511.5   0.904493
11711.7   0.901291
11911.9   0.898044
12112.1   0.894753
12312.3   0.891417
12512.5   0.888038
12712.7   0.884616
12912.9   0.881151
13113.1   0.877644
13313.3   0.874095
13513.5   0.870505
13713.7   0.866875
13913.9   0.863205
14114.1   0.859495
14314.3   0.855747
14514.5   0.85196
14714.7   0.848135
14914.9   0.844274
15115.1   0.840375
15315.3   0.836441
15515.5   0.83247
15715.7   0.828465
15915.9   0.824426
16116.1   0.820353
16316.3   0.816246
16516.5   0.812107
16716.7   0.807936
16916.9   0.803734
17117.1   0.799501
17317.3   0.795237
17517.5   0.790944
17717.7   0.786622
17917.9   0.782271
18118.1   0.777893
18318.3   0.773488
18518.5   0.769056
18718.7   0.764598
18918.9   0.760114
19119.1   0.755606
19319.3   0.751074
19519.5   0.746519
19719.7   0.74194
19919.9   0.73734
20120.1   0.732717
20320.3   0.728074
20520.5   0.723411
20720.7   0.718728
20920.9   0.714025
21121.1   0.709305
21321.3   0.704566
21521.5   0.699811
21721.7   0.695038
21921.9   0.69025
22122.1   0.685447
22322.3   0.680629
22522.5   0.675797
22722.7   0.670951
22922.9   0.666093
23123.1   0.661223
23323.3   0.656341
23523.5   0.651448
23723.7   0.646545
23923.9   0.641632
24124.1   0.63671
24324.3   0.63178
24524.5   0.626842
24724.7   0.621896
24924.9   0.616945
25125.1   0.611987
25325.3   0.607024
25525.5   0.602056
25725.7   0.597084
25925.9   0.592108
26126.1   0.58713
26326.3   0.582149
26526.5   0.577166
26726.7   0.572183
26926.9   0.567198
27127.1   0.562214
27327.3   0.55723
27527.5   0.552247
27727.7   0.547267
27927.9   0.542288
28128.1   0.537312
28328.3   0.53234
28528.5   0.527372
28728.7   0.522408
28928.9   0.51745
29129.1   0.512497
29329.3   0.50755
29529.5   0.50261
29729.7   0.497677
29929.9   0.492752
30130.1   0.487836
30330.3   0.482928
30530.5   0.47803
30730.7   0.473141
30930.9   0.468263
31131.1   0.463396
31331.3   0.45854
31531.5   0.453696
31731.7   0.448865
31931.9   0.444046
32132.1   0.43924
32332.3   0.434449
32532.5   0.429672
32732.7   0.424909
32932.9   0.420161
33133.1   0.41543
33333.3   0.410714
33533.5   0.406015
33733.7   0.401333
33933.9   0.396668
34134.1   0.392021
34334.3   0.387392
34534.5   0.382782
34734.7   0.378191
34934.9   0.373619
35135.1   0.369067
35335.3   0.364535
35535.5   0.360024
35735.7   0.355534
35935.9   0.351065
36136.1   0.346618
36336.3   0.342193
36536.5   0.337791
36736.7   0.333411
36936.9   0.329054
37137.1   0.324721
37337.3   0.320411
37537.5   0.316126
37737.7   0.311865
37937.9   0.307628
38138.1   0.303417
38338.3   0.299231
38538.5   0.29507
38738.7   0.290935
38938.9   0.286827
39139.1   0.282745
39339.3   0.278689
39539.5   0.27466
39739.7   0.270659
39939.9   0.266685
40140.1   0.262739
40340.3   0.25882
40540.5   0.25493
40740.7   0.251068
40940.9   0.247234
41141.1   0.243429
41341.3   0.239654
41541.5   0.235907
41741.7   0.232189
41941.9   0.228501
42142.1   0.224843
42342.3   0.221215
42542.5   0.217616
42742.7   0.214048
42942.9   0.21051
43143.1   0.207002
43343.3   0.203525
43543.5   0.200079
43743.7   0.196664
43943.9   0.193279
44144.1   0.189926
44344.3   0.186603
44544.5   0.183312
44744.7   0.180053
44944.9   0.176824
45145.1   0.173628
45345.3   0.170463
45545.5   0.167329
45745.7   0.164227
45945.9   0.161158
46146.1   0.158119
46346.3   0.155113
46546.5   0.152139
46746.7   0.149197
46946.9   0.146286
47147.1   0.143408
47347.3   0.140562
47547.5   0.137748
47747.7   0.134966
47947.9   0.132216
48148.1   0.129498
48348.3   0.126812
48548.5   0.124158
48748.7   0.121536
48948.9   0.118946
49149.1   0.116388
49349.3   0.113863
49549.5   0.111369
49749.7   0.108906
49949.9   0.106476
50150.2   0.104077
50350.4   0.101711
50550.6   0.0993753
50750.8   0.0970717
50951   0.0947995
51151.2   0.0925588
51351.4   0.0903494
51551.6   0.0881713
51751.8   0.0860243
51952   0.0839085
52152.2   0.0818236
52352.4   0.0797696
52552.6   0.0777464
52752.8   0.0757539
52953   0.0737919
53153.2   0.0718604
53353.4   0.0699591
53553.6   0.0680881
53753.8   0.0662471
53954   0.0644361
54154.2   0.0626549
54354.4   0.0609033
54554.6   0.0591812
54754.8   0.0574885
54955   0.0558251
55155.2   0.0541907
55355.4   0.0525852
55555.6   0.0510084
55755.8   0.0494603
55956   0.0479405
56156.2   0.0464491
56356.4   0.0449857
56556.6   0.0435502
56756.8   0.0421425
56957   0.0407623
57157.2   0.0394095
57357.4   0.0380839
57557.6   0.0367853
57757.8   0.0355135
57958   0.0342684
58158.2   0.0330496
58358.4   0.0318571
58558.6   0.0306907
58758.8   0.0295501
58959   0.0284351
59159.2   0.0273455
59359.4   0.0262811
59559.6   0.0252418
59759.8   0.0242273
59960   0.0232374
60160.2   0.0222718
60360.4   0.0213304
60560.6   0.0204129
60760.8   0.0195192
60961   0.018649
61161.2   0.0178021
61361.4   0.0169782
61561.6   0.0161772
61761.8   0.0153988
61962   0.0146428
62162.2   0.0139089
62362.4   0.013197
62562.6   0.0125068
62762.8   0.011838
62963   0.0111905
63163.2   0.010564
63363.4   0.00995835
63563.6   0.00937319
63763.8   0.00880835
63964   0.00826358
64164.2   0.00773866
64364.4   0.00723335
64564.6   0.00674741
64764.8   0.0062806
64965   0.0058327
65165.2   0.00540346
65365.4   0.00499264
65565.6   0.00460001
65765.8   0.00422533
65966   0.00386836
66166.2   0.00352887
66366.4   0.00320662
66566.6   0.00290137
66766.8   0.00261288
66967   0.00234092
67167.2   0.00208524
67367.4   0.00184562
67567.6   0.00162181
67767.8   0.00141358
67968   0.0012207
68168.2   0.00104292
68368.4   0.000880016
68568.6   0.000731749
68768.8   0.000597887
68969   0.000478196
69169.2   0.000372443
69369.4   0.000280396
69569.6   0.000201824
69769.8   0.000136496
69970   8.4182e-05
70170.2   4.46528e-05
70370.4   1.76802e-05
70570.6   3.03676e-06
70770.8   4.95919e-07
70971   9.83211e-06
71171.2   3.08207e-05
71371.4   6.32381e-05
71571.6   0.000106862
71771.8   0.00016147
71972   0.000226842
72172.2   0.00030276
72372.4   0.000389004
72572.6   0.000485357
72772.8   0.000591605
72973   0.000707533
73173.2   0.000832926
73373.4   0.000967574
73573.6   0.00111127
73773.8   0.00126379
73974   0.00142494
74174.2   0.00159452
74374.4   0.0017723
74574.6   0.0019581
74774.8   0.0021517
74975   0.00235292
75175.2   0.00256154
75375.4   0.00277737
75575.6   0.00300022
75775.8   0.00322989
75976   0.00346618
76176.2   0.00370891
76376.4   0.00395788
76576.6   0.00421291
76776.8   0.00447382
76977   0.0047404
77177.2   0.00501249
77377.4   0.0052899
77577.6   0.00557245
77777.8   0.00585996
77978   0.00615225
78178.2   0.00644916
78378.4   0.0067505
78578.6   0.00705611
78778.8   0.00736582
78979   0.00767945
79179.2   0.00799685
79379.4   0.00831785
79579.6   0.00864228
79779.8   0.00896999
79980   0.00930081
80180.2   0.0096346
80380.4   0.00997119
80580.6   0.0103104
80780.8   0.0106522
80981   0.0109963
81181.2   0.0113426
81381.4   0.0116909
81581.6   0.0120412
81781.8   0.0123932
81982   0.0127469
82182.2   0.013102
82382.4   0.0134586
82582.6   0.0138163
82782.8   0.0141751
82983   0.0145349
83183.2   0.0148955
83383.4   0.0152568
83583.6   0.0156187
83783.8   0.015981
83984   0.0163437
84184.2   0.0167065
84384.4   0.0170695
84584.6   0.0174324
84784.8   0.0177952
84985   0.0181578
85185.2   0.01852
85385.4   0.0188817
85585.6   0.0192428
85785.8   0.0196033
85986   0.019963
86186.2   0.0203218
86386.4   0.0206796
86586.6   0.0210363
86786.8   0.0213918
86987   0.0217461
87187.2   0.022099
87387.4   0.0224504
87587.6   0.0228003
87787.8   0.0231485
87988   0.0234951
88188.2   0.0238398
88388.4   0.0241827
88588.6   0.0245236
88788.8   0.0248624
88989   0.0251991
89189.2   0.0255336
89389.4   0.0258659
89589.6   0.0261958
89789.8   0.0265233
89990   0.0268484
90190.2   0.0271709
90390.4   0.0274907
90590.6   0.0278079
90790.8   0.0281224
90991   0.0284341
91191.2   0.0287429
91391.4   0.0290488
91591.6   0.0293518
91791.8   0.0296517
91992   0.0299485
92192.2   0.0302423
92392.4   0.0305328
92592.6   0.0308202
92792.8   0.0311042
92993   0.031385
93193.2   0.0316624
93393.4   0.0319364
93593.6   0.0322069
93793.8   0.032474
93994   0.0327376
94194.2   0.0329976
94394.4   0.0332541
94594.6   0.0335069
94794.8   0.0337561
94995   0.0340016
95195.2   0.0342433
95395.4   0.0344814
95595.6   0.0347156
95795.8   0.0349461
95996   0.0351728
96196.2   0.0353956
96396.4   0.0356146
96596.6   0.0358297
96796.8   0.0360408
96997   0.0362481
97197.2   0.0364514
97397.4   0.0366508
97597.6   0.0368462
97797.8   0.0370376
97998   0.0372251
98198.2   0.0374085
98398.4   0.0375879
98598.6   0.0377633
98798.8   0.0379346
98999   0.038102
99199.2   0.0382652
99399.4   0.0384245
99599.6   0.0385796
99799.8   0.0387307
100000   0.0388778
